three_twos: [[12, 1], [12, 2], [12, 9], [12, 10]]
st_with_ones: []
straights_double: []
st3_with_ones: []
ones: [1, 2, 3, 4, 5, 6, 7, 8, 9, 10, 11, 12, 13]
twos: [1, 2, 9, 10, 12]
st_with_twos: []
st4_with_ones: []
straights_triple: []
threes: [12]
three_ones: [[12, 1], [12, 2], [12, 3], [12, 4], [12, 5], [12, 6], [12, 7], [12, 8], [12, 9], [12, 10], [12, 11], [12, 13]]
two_jokers: 0
four_two_twos: [[12, 1, 2], [12, 1, 9], [12, 1, 10], [12, 2, 9], [12, 2, 10], [12, 9, 10]]
fours: [12]
st3_with_twos: []
straights: [[1, 2, 3, 4, 5, 6, 7, 8, 9, 10, 11, 12]]
st4_with_twos: []
four_two_ones: [[12, 1, 2], [12, 1, 3], [12, 1, 4], [12, 1, 5], [12, 1, 6], [12, 1, 7], [12, 1, 8], [12, 1, 9], [12, 1, 10], [12, 1, 11], [12, 1, 13], [12, 2, 3], [12, 2, 4], [12, 2, 5], [12, 2, 6], [12, 2, 7], [12, 2, 8], [12, 2, 9], [12, 2, 10], [12, 2, 11], [12, 2, 13], [12, 3, 4], [12, 3, 5], [12, 3, 6], [12, 3, 7], [12, 3, 8], [12, 3, 9], [12, 3, 10], [12, 3, 11], [12, 3, 13], [12, 4, 5], [12, 4, 6], [12, 4, 7], [12, 4, 8], [12, 4, 9], [12, 4, 10], [12, 4, 11], [12, 4, 13], [12, 5, 6], [12, 5, 7], [12, 5, 8], [12, 5, 9], [12, 5, 10], [12, 5, 11], [12, 5, 13], [12, 6, 7], [12, 6, 8], [12, 6, 9], [12, 6, 10], [12, 6, 11], [12, 6, 13], [12, 7, 8], [12, 7, 9], [12, 7, 10], [12, 7, 11], [12, 7, 13], [12, 8, 9], [12, 8, 10], [12, 8, 11], [12, 8, 13], [12, 9, 10], [12, 9, 11], [12, 9, 13], [12, 10, 11], [12, 10, 13], [12, 11, 13], [12, 1, 1], [12, 2, 2], [12, 9, 9], [12, 10, 10]]
